{
  "asset": {
    "version": "2.0",
    "generator": "THREE.GLTFExporter"
  },
  "scenes": [
    {
      "nodes": [
        0,
        1,
        2,
        3,
        4,
        5,
        6,
        7,
        8,
        9,
        10,
        11,
        12,
        13,
        14,
        15,
        16,
        17,
        18,
        19,
        20,
        21,
        22,
        23,
        24,
        25,
        26,
        27,
        28,
        29,
        30,
        31,
        32,
        33,
        34,
        35,
        36,
        37,
        38,
        39,
        40,
        41,
        42,
        43,
        44,
        45,
        46,
        47,
        48,
        49,
        50,
        51,
        52,
        53,
        54,
        55,
        56,
        57,
        58,
        59,
        60,
        61,
        62,
        63,
        64,
        65,
        66,
        67,
        68,
        69,
        70,
        71,
        72,
        73,
        74,
        75,
        76,
        77,
        78,
        79,
        80,
        81,
        82,
        83,
        84,
        85,
        86,
        87,
        88,
        89,
        90,
        91,
        92,
        93,
        94,
        95,
        96,
        97,
        98,
        99,
        100,
        101,
        102,
        103,
        104,
        105,
        106,
        107,
        108,
        109,
        110,
        111,
        112,
        113,
        114,
        115,
        116,
        117,
        118,
        119,
        120,
        121,
        122,
        123,
        124,
        125,
        126,
        127,
        128,
        129,
        130,
        131,
        132,
        133,
        134,
        135,
        136,
        137,
        138,
        139,
        140,
        141,
        142,
        143,
        144,
        145,
        146,
        147,
        148,
        149,
        150,
        151,
        152,
        153,
        154,
        155,
        156,
        157,
        158,
        159,
        160,
        161,
        162,
        163,
        164,
        165,
        166,
        167,
        168,
        169,
        170,
        171,
        172,
        173,
        174,
        175,
        176,
        177,
        178,
        179,
        180,
        181,
        182,
        183,
        184,
        185,
        186,
        187,
        188,
        189,
        190,
        191,
        192,
        193,
        194,
        195,
        196,
        197,
        198,
        199,
        200,
        201,
        202,
        203,
        204,
        205,
        206,
        207,
        208,
        209,
        210,
        211,
        212,
        213,
        214,
        215,
        216,
        217,
        218,
        219,
        220,
        221,
        222,
        223,
        224,
        225,
        226,
        227,
        228,
        229,
        230,
        231,
        232,
        233,
        234,
        235,
        236,
        237,
        238,
        239,
        240,
        241,
        242,
        243,
        244,
        245,
        246,
        247,
        248,
        249,
        250,
        251,
        252,
        253,
        254,
        255,
        256,
        257,
        258,
        259,
        260,
        261,
        262,
        263,
        264,
        265,
        266,
        267,
        268,
        269,
        270,
        271,
        272,
        273,
        274,
        275,
        276,
        277,
        278,
        279,
        280,
        281,
        282,
        283,
        284,
        285,
        286,
        287,
        288,
        289,
        290,
        291,
        292,
        293,
        294,
        295,
        296,
        297,
        298,
        299,
        300,
        301,
        302,
        303,
        304,
        305,
        306,
        307,
        308,
        309,
        310,
        311,
        312,
        313,
        314,
        315,
        316,
        317,
        318,
        319,
        320,
        321,
        322,
        323,
        324,
        325,
        326,
        327,
        328,
        329,
        330,
        331,
        332,
        333,
        334,
        335,
        336,
        337,
        338,
        339,
        340,
        341,
        342,
        343,
        344,
        345,
        346,
        347,
        348,
        349,
        350,
        351,
        352,
        353,
        354,
        355,
        356,
        357,
        358,
        359,
        360,
        361,
        362,
        363,
        364,
        365,
        366,
        367,
        368,
        369,
        370,
        371,
        372,
        373,
        374,
        375,
        376,
        377,
        378,
        379,
        380,
        381,
        382,
        383,
        384,
        385,
        386,
        387,
        388,
        389,
        390,
        391,
        392,
        393,
        394,
        395,
        396,
        397,
        398,
        399,
        400,
        401,
        402,
        403,
        404,
        405,
        406,
        407,
        408,
        409,
        410,
        411,
        412,
        413,
        414,
        415,
        416,
        417,
        418,
        419,
        420,
        421,
        422,
        423,
        424,
        425,
        426,
        427,
        428,
        429,
        430,
        431,
        432,
        433,
        434,
        435,
        436,
        437,
        438,
        439,
        440,
        441,
        442,
        443,
        444,
        445,
        446,
        447,
        448,
        449,
        450,
        451,
        452,
        453,
        454,
        455,
        456,
        457,
        458,
        459,
        460,
        461,
        462,
        463,
        464,
        465,
        466,
        467,
        468,
        469,
        470,
        471,
        472,
        473,
        474,
        475,
        476,
        477,
        478,
        479,
        480,
        481,
        482,
        483,
        484,
        485,
        486,
        487,
        488,
        489,
        490,
        491,
        492,
        493,
        494,
        495,
        496,
        497,
        498,
        499,
        500,
        501,
        502,
        503,
        504,
        505,
        506,
        507,
        508,
        509,
        510,
        511,
        512,
        513,
        514,
        515,
        516,
        517,
        518,
        519,
        520,
        521,
        522,
        523,
        524,
        525,
        526,
        527,
        528,
        529,
        530,
        531
      ]
    }
  ],
  "scene": 0,
  "nodes": [
    {
      "matrix": [
        -0.8388138986589853,
        -0.5170926554708554,
        0.17031273902622,
        0,
        0.5170926554708554,
        -0.8545884308700846,
        -0.04789362672742953,
        0,
        0.17031273902622,
        0.04789362672742953,
        0.9842254677889006,
        0,
        0.5434162293320788,
        -0.04941131067103743,
        0.5584080287196996,
        1
      ],
      "mesh": 0
    },
    {
      "matrix": [
        -0.8388138986589853,
        -0.5170926554708554,
        0.17031273902622,
        0,
        0.5170926554708554,
        -0.8545884308700846,
        -0.04789362672742953,
        0,
        0.17031273902622,
        0.04789362672742953,
        0.9842254677889006,
        0,
        0.5434162293320788,
        -0.04941131067103743,
        0.5584080287196996,
        1
      ],
      "mesh": 1
    },
    {
      "matrix": [
        -0.042877359303227,
        0.9920743055451459,
        0.11811055980012207,
        0,
        -0.9920743055451459,
        -0.05625391236754762,
        0.11235688506033133,
        0,
        0.11811055980012207,
        -0.11235688506033133,
        0.9866234469356794,
        0,
        0.5115582319741344,
        -0.09986253936538156,
        0.5626032692679381,
        1
      ],
      "mesh": 2
    },
    {
      "matrix": [
        -0.812029012578938,
        0.5326070252127401,
        0.23861818753840033,
        0,
        -0.5326070252127401,
        -0.8434515996505845,
        0.07013669325614437,
        0,
        0.23861818753840033,
        -0.07013669325614437,
        0.9685774129283535,
        0,
        0.4831007246257871,
        -0.05283140037317692,
        0.5652390313893201,
        1
      ],
      "mesh": 3
    },
    {
      "matrix": [
        0.9446300578746681,
        0.32800522871454263,
        0.009307185161032233,
        0,
        -0.32800522871454263,
        0.943065604449276,
        0.055134704503082894,
        0,
        0.009307185161032233,
        -0.055134704503082894,
        0.9984355465746079,
        0,
        0.4307599156308244,
        -0.04439138756814756,
        0.5728772468298342,
        1
      ],
      "mesh": 4
    },
    {
      "matrix": [
        0.1751343496221731,
        0.9771580866438919,
        0.12037455415853619,
        0,
        -0.9771580866438919,
        0.15756781223244276,
        0.14259894198320544,
        0,
        0.12037455415853619,
        -0.14259894198320544,
        0.9824334626102696,
        0,
        0.46261791298876875,
        0.006059841126196576,
        0.5686820062815957,
        1
      ],
      "mesh": 5
    },
    {
      "matrix": [
        0.8201576988338919,
        -0.4762391152504264,
        0.3170767322730983,
        0,
        0.4762391152504264,
        0.2611254050014956,
        -0.8396486336368896,
        0,
        0.3170767322730983,
        0.8396486336368896,
        0.4409677061676037,
        0,
        0.441919278147743,
        0.031849490440461085,
        0.5205324725791548,
        1
      ],
      "mesh": 6
    },
    {
      "matrix": [
        0.9128904953497962,
        0.3543581846785839,
        -0.20263568405219837,
        0,
        -0.3543581846785839,
        0.4415157513860065,
        -0.824314332175141,
        0,
        -0.20263568405219837,
        0.824314332175141,
        0.5286252560362104,
        0,
        0.49426008714270575,
        0.023409477635431726,
        0.5128942571386406,
        1
      ],
      "mesh": 7
    },
    {
      "matrix": [
        -0.6508605056229524,
        -0.4353764752222552,
        0.6219549236426071,
        0,
        0.4353764752222552,
        -0.8851794718382788,
        -0.16402630112013283,
        0,
        0.6219549236426071,
        0.16402630112013283,
        0.7656810337846737,
        0,
        0.5028029473517235,
        -0.010252801708014625,
        0.4537281101250813,
        1
      ],
      "mesh": 8
    },
    {
      "matrix": [
        0.9136332448952038,
        0.3242978873458347,
        -0.2451635659825678,
        0,
        -0.3242978873458347,
        0.21770372881742484,
        -0.9205628532164533,
        0,
        -0.2451635659825678,
        0.9205628532164533,
        0.304070483922221,
        0,
        0.5519590895410966,
        -0.08307359001448378,
        0.49924188170614037,
        1
      ],
      "mesh": 9
    },
    {
      "matrix": [
        -0.5134869586155519,
        0.5901984560132156,
        0.6228939924669101,
        0,
        -0.5901984560132156,
        -0.7698465682195115,
        0.24290336333665208,
        0,
        0.6228939924669101,
        -0.24290336333665208,
        0.7436403903960405,
        0,
        0.4910765532673209,
        -0.123142668970981,
        0.4595723305863529,
        1
      ],
      "mesh": 10
    },
    {
      "matrix": [
        0.9997593018883563,
        0.009576690188673628,
        -0.01973892835836683,
        0,
        -0.009576690188673628,
        -0.6189708579618001,
        -0.7853555653327121,
        0,
        -0.01973892835836683,
        0.7853555653327121,
        -0.6187301598501562,
        0,
        0.4506756957003587,
        -0.13993161832187878,
        0.5229337181481507,
        1
      ],
      "mesh": 11
    },
    {
      "matrix": [
        0.4687757397514646,
        0.8466495419935116,
        0.25186079262688793,
        0,
        -0.8466495419935116,
        0.3493650433480916,
        0.40140829529117006,
        0,
        0.25186079262688793,
        -0.40140829529117006,
        0.880589303596627,
        0,
        0.3928628338163892,
        -0.15295844634181904,
        0.5035742068091552,
        1
      ],
      "mesh": 12
    },
    {
      "matrix": [
        -0.08705332394720022,
        0.9273154204208719,
        -0.3640162494167059,
        0,
        -0.9273154204208719,
        -0.20894967155069777,
        -0.31052559606015917,
        0,
        -0.3640162494167059,
        0.31052559606015917,
        0.8781036523965023,
        0,
        0.39342986538387326,
        -0.11630945708746131,
        0.550074760598563,
        1
      ],
      "mesh": 13
    },
    {
      "matrix": [
        0.9468773693773958,
        0.3214995592102854,
        -0.007828204681473001,
        0,
        -0.3214995592102854,
        0.9457237972026593,
        -0.047376500843513435,
        0,
        -0.007828204681473001,
        0.047376500843513435,
        0.9988464278252636,
        0,
        0.31146859618537365,
        -0.058301278036190576,
        0.527156715486406,
        1
      ],
      "mesh": 14
    },
    {
      "matrix": [
        0.9814139899448948,
        0.13659575511211863,
        -0.13478939136961796,
        0,
        -0.13659575511211863,
        0.003894878961652637,
        -0.9906192152402575,
        0,
        -0.13478939136961796,
        0.9906192152402575,
        0.02248088901675782,
        0,
        0.40872952133409934,
        0.014543981562701463,
        0.5650968486486222,
        1
      ],
      "mesh": 15
    },
    {
      "matrix": [
        0.045874284505838636,
        0.9694408369678268,
        -0.240997953601679,
        0,
        -0.9694408369678268,
        -0.01499821132676371,
        -0.24486632532081132,
        0,
        -0.240997953601679,
        0.24486632532081132,
        0.9391275041673977,
        0,
        0.34725106377261816,
        0.013660919114598696,
        0.5387358286441895,
        1
      ],
      "mesh": 16
    },
    {
      "matrix": [
        0.8273620807369428,
        -0.5367292513475104,
        0.1655104169125847,
        0,
        0.5367292513475104,
        0.6686849012185982,
        -0.514569930748207,
        0,
        0.1655104169125847,
        0.514569930748207,
        0.8413228204816554,
        0,
        0.32698634120001674,
        0.06215186133424497,
        0.4855696799950566,
        1
      ],
      "mesh": 17
    },
    {
      "matrix": [
        0.5117596367891952,
        0.855528711185626,
        -0.0785665227081656,
        0,
        -0.855528711185626,
        0.49911689162601514,
        -0.13766972372546696,
        0,
        -0.0785665227081656,
        0.13766972372546696,
        0.9873572548368199,
        0,
        0.420106972915435,
        0.08038456029158289,
        0.4561429508565343,
        1
      ],
      "mesh": 18
    },
    {
      "matrix": [
        0.3903732903498839,
        -0.7651577457632299,
        0.5119983576926177,
        0,
        0.7651577457632299,
        -0.03963135697009568,
        -0.6426219570192426,
        0,
        0.5119983576926177,
        0.6426219570192426,
        0.5699953526800206,
        0,
        0.42342475902008436,
        0.10862947328700635,
        0.3998606776792,
        1
      ],
      "mesh": 19
    },
    {
      "matrix": [
        0.9980881375594158,
        -0.052613736043666995,
        0.03243245970789209,
        0,
        0.052613736043666995,
        0.4479102479918885,
        -0.8925291057009695,
        0,
        0.03243245970789209,
        0.8925291057009695,
        0.44982211043247267,
        0,
        0.4768792384063294,
        0.0774440399451197,
        0.40846245025886546,
        1
      ],
      "mesh": 20
    },
    {
      "matrix": [
        -0.7458689523684252,
        -0.6473619558279158,
        0.1568502599280069,
        0,
        0.6473619558279158,
        -0.7599605048908,
        -0.05815951472266293,
        0,
        0.1568502599280069,
        0.05815951472266293,
        0.9859084474776251,
        0,
        0.5251720877796728,
        0.05289117654748916,
        0.3481395815062428,
        1
      ],
      "mesh": 21
    },
    {
      "matrix": [
        0.9416709411004492,
        -0.30077731939746927,
        0.150959739079885,
        0,
        0.30077731939746927,
        0.5509764355999931,
        -0.778433023162301,
        0,
        0.150959739079885,
        0.778433023162301,
        0.6093054944995437,
        0,
        0.5510957967250669,
        -0.034805665105645166,
        0.3934052413724587,
        1
      ],
      "mesh": 22
    },
    {
      "matrix": [
        -0.4189758869344582,
        -0.19381394636006477,
        -0.8870712262066798,
        0,
        0.19381394636006477,
        -0.9735274953228314,
        0.12116257692370463,
        0,
        -0.8870712262066798,
        -0.12116257692370463,
        0.44544839161162664,
        0,
        0.5829860825938471,
        -0.0643965558308377,
        0.3521252299666001,
        1
      ],
      "mesh": 23
    },
    {
      "matrix": [
        0.44183458519835106,
        -0.5317521984603114,
        0.7225107603041124,
        0,
        0.5317521984603114,
        -0.4934111052583634,
        -0.6883204781497828,
        0,
        0.7225107603041124,
        0.6883204781497828,
        0.06475430954328554,
        0,
        0.5639347282705471,
        -0.09929562109091802,
        0.40143148540810436,
        1
      ],
      "mesh": 24
    },
    {
      "matrix": [
        -0.37436254724458506,
        0.5276808609260814,
        0.7624995686771603,
        0,
        -0.5276808609260814,
        -0.7973990985523143,
        0.29275858081406614,
        0,
        0.7624995686771603,
        -0.29275858081406614,
        0.5769634486922707,
        0,
        0.559642055724699,
        -0.1835639893583976,
        0.380225864300447,
        1
      ],
      "mesh": 25
    },
    {
      "matrix": [
        0.2760728890470172,
        -0.5993321035189151,
        0.7513885743241148,
        0,
        0.5993321035189151,
        -0.5038188722680168,
        -0.6220671777534772,
        0,
        0.7513885743241148,
        0.6220671777534772,
        0.2201082386849661,
        0,
        0.4867838807214727,
        -0.2074110372384606,
        0.4383667094786955,
        1
      ],
      "mesh": 26
    },
    {
      "matrix": [
        -0.2085647300331106,
        0.8109211369761332,
        0.5467244854509001,
        0,
        -0.8109211369761332,
        -0.4558892262422316,
        0.36684045987540037,
        0,
        0.5467244854509001,
        -0.36684045987540037,
        0.7526755037908789,
        0,
        0.4689594898099314,
        -0.2688804313583037,
        0.42495451524960504,
        1
      ],
      "mesh": 27
    },
    {
      "matrix": [
        -0.238677545738478,
        0.2725785466754937,
        -0.9320589922598953,
        0,
        -0.2725785466754937,
        -0.9400174287785048,
        -0.2051052644008024,
        0,
        -0.9320589922598953,
        0.2051052644008024,
        0.2986601169599732,
        0,
        0.43228427322133345,
        -0.23805000169607965,
        0.4630209701296524,
        1
      ],
      "mesh": 28
    },
    {
      "matrix": [
        0.49468557455801476,
        0.8122766988703486,
        0.3090190071767362,
        0,
        -0.8122766988703486,
        0.3057086881115795,
        0.49673812264148387,
        0,
        0.3090190071767362,
        -0.49673812264148387,
        0.8110231135535647,
        0,
        0.3591785529683663,
        -0.2787136990705469,
        0.4834154132106992,
        1
      ],
      "mesh": 29
    },
    {
      "matrix": [
        -0.664660788334694,
        0.23829329312484573,
        -0.7081259371764451,
        0,
        -0.23829329312484573,
        -0.9658887300366521,
        -0.10136699482523391,
        0,
        -0.7081259371764451,
        0.10136699482523391,
        0.6987720582980419,
        0,
        0.31975711356342207,
        -0.19362214371628628,
        0.523968649890202,
        1
      ],
      "mesh": 30
    },
    {
      "matrix": [
        0.7651368589016583,
        0.6264645169917413,
        0.14868690628433998,
        0,
        -0.6264645169917413,
        0.671006311226018,
        0.39660148669055256,
        0,
        0.14868690628433998,
        -0.39660148669055256,
        0.9058694523243597,
        0,
        0.26396596562985264,
        -0.2151376212349464,
        0.5425016886448226,
        1
      ],
      "mesh": 31
    },
    {
      "matrix": [
        -0.21014846875077908,
        0.8912003880414177,
        0.401994389807283,
        0,
        -0.8912003880414177,
        -0.34368538063345655,
        0.2960442998837558,
        0,
        0.401994389807283,
        -0.2960442998837558,
        0.8664630881173225,
        0,
        0.2798258555663343,
        -0.15085176262606165,
        0.5492482880141882,
        1
      ],
      "mesh": 32
    },
    {
      "matrix": [
        0.9503061704644019,
        0.31131437252368066,
        0.0012425125633851073,
        0,
        -0.31131437252368066,
        0.9502751034791324,
        0.0077839044130405,
        0,
        0.0012425125633851073,
        -0.0077839044130405,
        0.9999689330147304,
        0,
        0.2029423795455839,
        -0.10798372295218642,
        0.5683087057791263,
        1
      ],
      "mesh": 33
    },
    {
      "matrix": [
        -0.21679485532300302,
        0.8249949031047356,
        0.5219036314844783,
        0,
        -0.8249949031047356,
        -0.4406480376117963,
        0.35385408970376586,
        0,
        0.5219036314844783,
        -0.35385408970376586,
        0.7761468177112066,
        0,
        0.23458512016462324,
        -0.015433238362315355,
        0.546217133251344,
        1
      ],
      "mesh": 34
    },
    {
      "matrix": [
        0.9948412182788345,
        0.1008690146939861,
        -0.010788525763451658,
        0,
        -0.1008690146939861,
        0.9722792463948283,
        -0.21094669683256298,
        0,
        -0.010788525763451658,
        0.21094669683256298,
        0.9774380281159937,
        0,
        0.1751487692972279,
        0.02099363992539853,
        0.5548217381565214,
        1
      ],
      "mesh": 35
    },
    {
      "matrix": [
        0.5284891093083526,
        0.846191315693574,
        0.06826066647230018,
        0,
        -0.846191315693574,
        0.5186070075812692,
        0.12250317927458033,
        0,
        0.06826066647230018,
        -0.12250317927458033,
        0.9901178982729165,
        0,
        0.22788383800344825,
        0.049160607322734286,
        0.5322027866184218,
        1
      ],
      "mesh": 36
    },
    {
      "matrix": [
        0.7645575583814442,
        -0.6267440814764433,
        0.15047789291472,
        0,
        0.6267440814764433,
        0.6683829005738293,
        -0.4005697873713942,
        0,
        0.15047789291472,
        0.4005697873713942,
        0.9038253421923852,
        0,
        0.21270710498043888,
        0.13278756715478712,
        0.5125198237059663,
        1
      ],
      "mesh": 37
    },
    {
      "matrix": [
        0.5585321047176304,
        0.8162314311107266,
        0.14767578971053158,
        0,
        -0.8162314311107266,
        0.5091329545196748,
        0.27303824913187896,
        0,
        0.14767578971053158,
        -0.27303824913187896,
        0.9506008498020443,
        0,
        0.3118096081770074,
        0.1457788211662978,
        0.4658867170826012,
        1
      ],
      "mesh": 38
    },
    {
      "matrix": [
        0.6299305272636021,
        -0.7075283280170261,
        0.32029860423491013,
        0,
        0.7075283280170261,
        0.3527090771498076,
        -0.6123724127927077,
        0,
        0.32029860423491013,
        0.6123724127927077,
        0.7227785498862054,
        0,
        0.30350013159017086,
        0.20318496110675732,
        0.4439571535741001,
        1
      ],
      "mesh": 39
    },
    {
      "matrix": [
        0.9906758917064474,
        0.13399910192051567,
        -0.02460728095768632,
        0,
        -0.13399910192051567,
        0.9257347459081715,
        -0.35363741445558106,
        0,
        -0.02460728095768632,
        0.35363741445558106,
        0.9350588542017241,
        0,
        0.3583430169423534,
        0.16897613357392904,
        0.42561161476836773,
        1
      ],
      "mesh": 40
    },
    {
      "matrix": [
        0.4526298073937841,
        -0.7036020862515204,
        0.5477867848727038,
        0,
        0.7036020862515204,
        -0.09557388680526735,
        -0.7041375834192078,
        0,
        0.5477867848727038,
        0.7041375834192078,
        0.45179630580094854,
        0,
        0.3984124924244222,
        0.21981071186165896,
        0.35526627895930646,
        1
      ],
      "mesh": 41
    },
    {
      "matrix": [
        0.9598502442326775,
        0.2751714200178297,
        -0.05448117337062793,
        0,
        -0.2751714200178297,
        0.8859220672085919,
        -0.3733935998892139,
        0,
        -0.05448117337062793,
        0.3733935998892139,
        0.9260718229759144,
        0,
        0.4634942345021532,
        0.15946405157473625,
        0.32951534187013876,
        1
      ],
      "mesh": 42
    },
    {
      "matrix": [
        0.4103718576510803,
        -0.5065881542944889,
        0.7582633977560203,
        0,
        0.5065881542944889,
        -0.564756938077708,
        -0.6514737468398824,
        0,
        0.7582633977560203,
        0.6514737468398824,
        0.02487120427121159,
        0,
        0.48129993206531585,
        0.1747682392457815,
        0.2624724976079625,
        1
      ],
      "mesh": 43
    },
    {
      "matrix": [
        0.9483066031127063,
        -0.25066009361221825,
        0.19463839282925155,
        0,
        0.25066009361221825,
        0.21544503385363467,
        -0.9437970941140473,
        0,
        0.19463839282925155,
        0.9437970941140473,
        0.26713843074092836,
        0,
        0.4980027220741414,
        0.1209931406115884,
        0.28513733281935494,
        1
      ],
      "mesh": 44
    },
    {
      "matrix": [
        -0.8675440256829596,
        -0.49736035651673177,
        0.00019815992147698345,
        0,
        0.49736035651673177,
        -0.8675440467091597,
        -0.00005277352921148826,
        0,
        0.00019815992147698345,
        0.00005277352921148826,
        0.9999999789737999,
        0,
        0.5531786889065243,
        0.07111248955626921,
        0.21809052330146203,
        1
      ],
      "mesh": 45
    },
    {
      "matrix": [
        0.975623126006158,
        -0.1596553469881488,
        0.15056455818042375,
        0,
        0.1596553469881488,
        0.04565621614753834,
        -0.9861164637633749,
        0,
        0.15056455818042375,
        0.9861164637633749,
        0.07003309014138037,
        0,
        0.5803480546120557,
        0.0030105254921699728,
        0.2810927719883499,
        1
      ],
      "mesh": 46
    },
    {
      "matrix": [
        0.36212371304768887,
        -0.08833642769004431,
        -0.9279348533121905,
        0,
        0.08833642769004431,
        -0.9877667117956026,
        0.1285052474082838,
        0,
        -0.9279348533121905,
        -0.1285052474082838,
        -0.34989042484329147,
        0,
        0.5971301497352146,
        -0.06766239708559865,
        0.22766038474109773,
        1
      ],
      "mesh": 47
    },
    {
      "matrix": [
        0.9954908882458038,
        -0.06370772010919602,
        0.07027956899461639,
        0,
        0.06370772010919602,
        -0.0998950962493712,
        -0.9929563415094426,
        0,
        0.07027956899461639,
        0.9929563415094426,
        -0.09538598449517499,
        0,
        0.5997681777170061,
        -0.13506947840860634,
        0.298692842719348,
        1
      ],
      "mesh": 48
    },
    {
      "matrix": [
        -0.2754656004588467,
        0.4297487011540742,
        0.8599039230171203,
        0,
        -0.4297487011540742,
        -0.85520272277263,
        0.28973152541390224,
        0,
        0.8599039230171203,
        -0.28973152541390224,
        0.4202628776862166,
        0,
        0.5716284572910948,
        -0.20509759376033393,
        0.2588641149057913,
        1
      ],
      "mesh": 49
    },
    {
      "matrix": [
        0.9779312413487132,
        -0.12898155851443036,
        0.16436010695224473,
        0,
        0.12898155851443036,
        -0.24616319840710976,
        -0.9606078478303048,
        0,
        0.16436010695224473,
        0.9606078478303048,
        -0.2240944397558231,
        0,
        0.5315023352987878,
        -0.25359210471012517,
        0.3403971364868903,
        1
      ],
      "mesh": 50
    },
    {
      "matrix": [
        -0.14199530028265284,
        0.6791784780929626,
        0.7201068876166695,
        0,
        -0.6791784780929626,
        -0.5960724137914566,
        0.4282689253403216,
        0,
        0.7201068876166695,
        -0.4282689253403216,
        0.5459228864911961,
        0,
        0.4897425279512121,
        -0.31265175628443675,
        0.31189827718606916,
        1
      ],
      "mesh": 51
    },
    {
      "matrix": [
        0.9206115240578782,
        -0.20679498892816006,
        0.3312253829736377,
        0,
        0.20679498892816006,
        -0.46133028832830747,
        -0.8627920940905301,
        0,
        0.3312253829736377,
        0.8627920940905301,
        -0.3819418123861855,
        0,
        0.4271996824623557,
        -0.32794008293261523,
        0.39645565594878385,
        1
      ],
      "mesh": 52
    },
    {
      "matrix": [
        0.11453822378144496,
        0.8552816971671499,
        0.5053456379388981,
        0,
        -0.8552816971671499,
        -0.17386972407427237,
        0.48812143728914104,
        0,
        0.5053456379388981,
        -0.48812143728914104,
        0.7115920521442827,
        0,
        0.3792189553604246,
        -0.3687046110953065,
        0.3779566051003061,
        1
      ],
      "mesh": 53
    },
    {
      "matrix": [
        -0.41140621093759444,
        0.7311797813964349,
        -0.544170062461206,
        0,
        -0.7311797813964349,
        -0.6212119030085681,
        -0.2819076069167599,
        0,
        -0.544170062461206,
        0.2819076069167599,
        0.7901943079290262,
        0,
        0.3664791552078611,
        -0.34028392397861396,
        0.4311097250520841,
        1
      ],
      "mesh": 54
    },
    {
      "matrix": [
        0.48486327798565076,
        0.8337041161864508,
        0.2642821377141839,
        0,
        -0.8337041161864508,
        0.34927782012572106,
        0.42771772353036036,
        0,
        0.2642821377141839,
        -0.42771772353036036,
        0.8644145421400703,
        0,
        0.25738817286099686,
        -0.3554464953740638,
        0.4439622517600216,
        1
      ],
      "mesh": 55
    },
    {
      "matrix": [
        -0.3274105434854462,
        0.7909533260268886,
        -0.5169092493480516,
        0,
        -0.7909533260268886,
        -0.5287010736630797,
        -0.3080065108962926,
        0,
        -0.5169092493480516,
        0.3080065108962926,
        0.7987094698223665,
        0,
        0.25008757062150205,
        -0.29387627046599674,
        0.4962679399186366,
        1
      ],
      "mesh": 56
    },
    {
      "matrix": [
        0.7799689692479618,
        0.6108863277983598,
        0.1358907705449746,
        0,
        -0.6108863277983598,
        0.6960430727224061,
        0.3772823020288471,
        0,
        0.1358907705449746,
        -0.3772823020288471,
        0.9160741034744443,
        0,
        0.15234922868448902,
        -0.2797922486254816,
        0.5024441089299039,
        1
      ],
      "mesh": 57
    },
    {
      "matrix": [
        -0.28581222438139364,
        0.8589255335568295,
        -0.42492152239946057,
        0,
        -0.8589255335568295,
        -0.4262357611735892,
        -0.2838485576868174,
        0,
        -0.42492152239946057,
        0.2838485576868174,
        0.8595764632078046,
        0,
        0.16622762369283964,
        -0.20105359939443124,
        0.5486778576560899,
        1
      ],
      "mesh": 58
    },
    {
      "matrix": [
        0.9387831104068752,
        0.34341875713701747,
        0.027383003145360768,
        0,
        -0.34341875713701747,
        0.9265343851573152,
        0.15361507207179276,
        0,
        0.027383003145360768,
        -0.15361507207179276,
        0.9877512747504399,
        0,
        0.08372996868889487,
        -0.1631254752923855,
        0.5406187586445061,
        1
      ],
      "mesh": 59
    },
    {
      "matrix": [
        -0.3657450779874516,
        0.9109109329973174,
        -0.19097594108659413,
        0,
        -0.9109109329973174,
        -0.39244977614946497,
        -0.12737521480332112,
        0,
        -0.19097594108659413,
        0.12737521480332112,
        0.9732953018379866,
        0,
        0.12044472454163911,
        -0.07005559885014068,
        0.5602496067675424,
        1
      ],
      "mesh": 60
    },
    {
      "matrix": [
        0.9923502831951203,
        0.12344809595021429,
        -0.0012178049232810417,
        0,
        -0.12344809595021429,
        0.9921564134259517,
        -0.019652452875372324,
        0,
        -0.0012178049232810417,
        0.019652452875372324,
        0.9998061302308313,
        0,
        0.0503358312663119,
        -0.026560142428867516,
        0.5502775551052157,
        1
      ],
      "mesh": 61
    },
    {
      "matrix": [
        -0.30982352363831067,
        0.9471202243333877,
        0.08350248414876912,
        0,
        -0.9471202243333877,
        -0.31514688570440597,
        0.060379806967962274,
        0,
        0.08350248414876912,
        -0.060379806967962274,
        0.9946766379339047,
        0,
        0.10503987602190065,
        0.06448909634667169,
        0.5448496864941946,
        1
      ],
      "mesh": 62
    },
    {
      "matrix": [
        0.986666637559056,
        -0.16063282058164136,
        0.02619242791137423,
        0,
        0.16063282058164136,
        0.9352135038929493,
        -0.31555157912496445,
        0,
        0.02619242791137423,
        0.31555157912496445,
        0.9485468663338933,
        0,
        0.05273792653296131,
        0.10804850667800374,
        0.5270757109767654,
        1
      ],
      "mesh": 63
    },
    {
      "matrix": [
        0.6586241585737782,
        0.7434753836991599,
        -0.11601108385137038,
        0,
        -0.7434753836991599,
        0.6191996594055253,
        -0.25265813983615965,
        0,
        -0.11601108385137038,
        0.25265813983615965,
        0.9605755008317471,
        0,
        0.11614553764711352,
        0.12914689594178022,
        0.5230334160061698,
        1
      ],
      "mesh": 64
    },
    {
      "matrix": [
        0.737824103014777,
        -0.6489064083900893,
        0.1858388176908004,
        0,
        0.6489064083900893,
        0.6060954942530756,
        -0.4599660041746505,
        0,
        0.1858388176908004,
        0.4599660041746505,
        0.8682713912382987,
        0,
        0.11254791778188762,
        0.21819741925007596,
        0.47073622482409055,
        1
      ],
      "mesh": 65
    },
    {
      "matrix": [
        0.6930815632283596,
        0.7042219120187392,
        -0.15397871718391606,
        0,
        -0.7042219120187392,
        0.6158315759190434,
        -0.3533029418696348,
        0,
        -0.15397871718391606,
        0.3533029418696348,
        0.9227500126906838,
        0,
        0.209109485115213,
        0.2218380904630829,
        0.460222632523887,
        1
      ],
      "mesh": 66
    },
    {
      "matrix": [
        0.6163860422211374,
        -0.7152181021683002,
        0.32944091015800864,
        0,
        0.7152181021683002,
        0.33346799118322157,
        -0.6142167086517605,
        0,
        0.32944091015800864,
        0.6142167086517605,
        0.7170819489620843,
        0,
        0.2135715307266733,
        0.288082218930901,
        0.39128213016873226,
        1
      ],
      "mesh": 67
    },
    {
      "matrix": [
        0.7580187305734406,
        0.6310499529492017,
        -0.16487437940031788,
        0,
        -0.6310499529492017,
        0.6456812713681938,
        -0.42996703674486875,
        0,
        -0.16487437940031788,
        0.42996703674486875,
        0.8876625407947532,
        0,
        0.30796217720163116,
        0.2694290895745754,
        0.37501665121894534,
        1
      ],
      "mesh": 68
    },
    {
      "matrix": [
        0.44821511998696895,
        -0.7142448151117838,
        0.5375477190919897,
        0,
        0.7142448151117838,
        -0.07546278560221031,
        -0.6958158607527487,
        0,
        0.5375477190919897,
        0.6958158607527487,
        0.47632209441082074,
        0,
        0.31776882105406246,
        0.3069947893041174,
        0.29581180120863493,
        1
      ],
      "mesh": 69
    },
    {
      "matrix": [
        0.7963631918020668,
        0.5825670239167274,
        -0.1625463914937257,
        0,
        -0.5825670239167274,
        0.6666158753839552,
        -0.4650149861358129,
        0,
        -0.1625463914937257,
        0.4650149861358129,
        0.8702526835818883,
        0,
        0.40821913627685347,
        0.25737641159120095,
        0.27606142894899605,
        1
      ],
      "mesh": 70
    },
    {
      "matrix": [
        0.32937002947696026,
        -0.6179525078425065,
        0.7138978090269668,
        0,
        0.6179525078425065,
        -0.4305871811082089,
        -0.6578216912784527,
        0,
        0.7138978090269668,
        0.6578216912784527,
        0.24004278941483093,
        0,
        0.4137659625593747,
        0.27077161186722,
        0.19830672960078263,
        1
      ],
      "mesh": 71
    },
    {
      "matrix": [
        0.8974218173779309,
        0.4250401781824061,
        -0.11821560228988451,
        0,
        -0.4250401781824061,
        0.7611849659584798,
        -0.48983496662596115,
        0,
        -0.11821560228988451,
        0.48983496662596115,
        0.8637631485805489,
        0,
        0.486846758347837,
        0.18816343952180054,
        0.18471779825974904,
        1
      ],
      "mesh": 72
    },
    {
      "matrix": [
        0.32991379900618045,
        -0.4166061339697356,
        0.8471105089444352,
        0,
        0.4166061339697356,
        -0.7409875466711628,
        -0.5266657239815796,
        0,
        0.8471105089444352,
        0.5266657239815796,
        -0.0709013456773433,
        0,
        0.4866649230499725,
        0.188840931784249,
        0.11495818736655036,
        1
      ],
      "mesh": 73
    },
    {
      "matrix": [
        0.9999932716720924,
        0.002606466739384769,
        -0.002581267456385915,
        0,
        -0.002606466739384769,
